16
63 63
46
30
62
5
24
31 31
40
71
38
22 22 - Amb
a59 a59
10 10
55
62
71
44
50
62
20
42
4047 4047
47
62
63 63
56
21
19
36
62
48 48
3865
38
3 3
63 63
22 22 - Amb
11
35
64 64
45
62
7 7
34
62
21
62
54
57
71
48 48
48 48
9 9
2665
26
1
71
36
47
36
33
62
23
48 48
43
63 63
92 92
2 2
a44 a44
8 8
23
50
15
44
2 2
4447 4447
47
62
25
6 6
71
27
36
62
71
38
48 48
46
62
63 63
93 93
63 63
38
71
95 95
71
32 32
71
56
39
71
48 48
29
62
21
62
71
36
37
62
21
50
329192
42
2144
44
71
21
71
54
48 48
33
2131 2131
31 31
71
48 48
48 48
42
62
2121
21
62
50
215547 215547
47
44
62
71
2156
56
48 48
71
45
36
71
48 48
48 48
54
2136
36
5666
56
215546
5546
46
36
64 64
215535
5535
35
15
44
2 2
44
2148
48 48
44
213648
3648
48 48
329192
38
2148
39
5
234047 234047
4047 4047
47
62
54
71
95 95
2150
50
62
4036
36
50
71
2340
40
4865
48 48
2335 2335
35
63 63
2248
48 48
5531
31 31
62
40
63 63
38
63 63
2344
44
28
95 95
64 64
44
62
63 63
2346
46
48 48
2348
48 48
57
40
75
47
75
47
2347 2347
47
75
21
75
21
75
40
75
40
2350
50
62
63 63
40
71
40
7 7
329192
5
63 63
252448
48 48
48 48
2167
21
36
2440
40
5
252147 252147
47
54
62
63 63
95 95
40
64 64
54
2522
22 22 - Amb
46
62
50
62
48 48
44
62
2546
46
95 95
4447 4447
47
75
252347‌
75‌
2347 2347
47
63 63
2136
36
54
62
50
64 64
40
36
62
50
2524
24
40
21
48 48
71
50
19
50
63 63
2828
28
36
44
71
2523
23
48 48
9 9
262748
48 48
95 95
36
62
48 48
47
62
2630
30
62
4266
42
48 48
71
35
48 48
7 7
2627
27
62
63 63
40
71
95 95
2844
44
62
50
62
46
95 95
64 64
9 9
2626
26
44
62
2647 2647
47
21
71
48 48
9 9
282844
2844
44
50
9 9
262744
44
62
56
4248
48 48
21
62
54
21
48 48
50
40
62
329192
56
21
50
44
3026
26
40
62
a44 a44
50
62
3027
27
40
62
a44 a44
23
3028
28
40
62
15
44
2 2
29
3029
29
62
31 31
56
5747
47
21
71
48 48
19
44
2848
48 48
46
95 95
64 64
2830
30
62
71
40
48 48
2165
21
2829
29
3163 3163
31 31
21
62
4248
48 48
2844
44
50
40
21
48 48
71
36
37
62
21
50
329192
22 22 - Amb
3144 3144
44
62
2523
23
2165
21
3146 3146 3146
46
50
5
3131 3131
31 31
57
62
63 63
56
63 63
38
71
95 95
3148 3148
48 48
62
71
21
6 6
3333
33
62
63 63
38
71
50
19
22 22 - Amb
9223 9223 9223
23
57
62
71
36
3348
48 48
62
71
46
38
62
1
63 63
92 92
71
95 95
63 63
3448
48 48
46
63 63
3448
48 48
46
24
3431 3431
31 31
62
44
62
28
62
75
40
75
40
42
63 63
4033
33
36
4265
42
403348
3348
48 48
71
21
48 48
63 63
57
48 48
3546
46
95 95
21
3532 3532
32 32
5644
44
48 48
55
3534
34
21
3544
44
71
21
63 63
44
55
3535
35
21
71
48 48
3665
36
50
50
329192
9 9
3823 3823
23
36
56
3636
36
62
63 63
44
56
63 63
4828 4828
28
36
46
57
71
363644
3644
44
48 48
9 9
3637
37
62
40
6 6
3646
46
62
48 48
47
3640
40
3644
44
48 48
62
63 63
4044
44
36
21
48 48
71
50
19
4267
42
3744
44
64 64
3648
48 48
62
36
62
48 48
9 9
3838
38
62
46
374871
48 48
63 63
56
2 2
4865
48 48
3839
39
21
48 48
71
36
42
62
71
48 48
40
62
329192
15
36
383844
3844
44
62
48 48
62
9 9
3824
24
62
3163 3163
31 31
36
57
50
42
3846
46
56
46
56
3845
45
62
44
3844
44
62
48 48
62
5
4837 4837
37
2367
23
394065
40
48 48
38
62
63 63
48 48
384847 384847
47
6 6
3946
46
62
71
40
3944
44
63 63
40
36
21
48 48
62
47
62
95 95
329192
3844
44
403844
3844
44
57
64 64
40
394865
48 48
44
57
50
26
403848
3848
48 48
62
75
50
75
50
63 63
21
36
5
4039
39
21
62
71
48 48
71
31 31
71
4031 4031
31 31
50
4032 4032
32 32
40
2844
44
62
63 63
50
71
95 95
46
4038
38
2365
23
4033
33
62
48 48
62
5
63 63
26
403647 403647
3647 3647
47
40
9564 9564 9564 9564
95 95
47
403648
3648
48 48
40
62
2348
48 48
63 63
4037 4037
37
36
21
48 48
71
44
329192
5
403948
3948
48 48
4248
48 48
71
38
71
54
28
4046
46
71
40
95 95
62
5
4040
40
57
64 64
40
21
4047 4047
47
62
48 48
5644
44
4240
40
63 63
27
50
4348
48 48
21
42
71
48 48
71
4250
50
40
5
37
44
62
71
57
63 63
50
21
4231 4231
31 31
62
71
48 48
56
4236
36
4248
48 48
57
48 48
5
63 63
4044
44
36
5
4256
56
63 63
48 48
48 48
46
36
4350
50
62
7 7
21
71
48 48
47
62
71
44
329192
9 9
42
50
63 63
4439
39
75
57
75
57
21
56
4444
44
62
7 7
71
21
54
4438
38
63 63
38
71
95 95
21
4428
28
62
21
48 48
62
56
4645
45
44
40
62
a44 a44
40
4648
48 48
4450
50
23
62
48 48
63 63
44
4448
48 48
36
57
71
50
19
46
71
40
48 48
4548
48 48
71
46
19
5
4650
50
62
40
4665
46
71
22 22 - Amb
50
4644
44
62
21
464248
4248
48 48
46
62
7 7
28
21
71
48 48
56
4646
46
62
40
56
464548
4548
48 48
46
63 63
40
71
95 95
21
63 63
4642
42
9 9
31 31
62
48 48
56
57
63 63
40
71
4640
40
50
4643
43
63 63
38
71
44
40
62
329192
15
3163 3163
31 31
63 63
40
63 63
5426
26
36
75
23
75
23
71
5033
33
40
56
63 63
3647 3647
47
15
7 7
63 63
44
71
5444
44
4248
48 48
23
5045
45
62
44
5050
50
63 63
48 48
50
36
62
2365
23
5046
46
63 63
44
5044
44
57
62
71
36
44
5023
23
62
27
62
92 92
62
9 9
5031 5031
31 31
62
42
62
5031 5031
31 31
62
23
71
5042
42
21
71
5021
21
42
62
71
44
40
62
329192
19
71
5532 5532
32 32
5
63 63
54
5531
31 31
5
5450
50
64 64
50
9 9
2626
26
62
48 48
35
21
71
48 48
3667
36
5535
35
62
4836 4836
36
5
44
5637
37
62
95 95
5465
54
5521
21
63 63
40
63 63
5427
27
3848
48 48
5446
46
54
62
71
40
6 6
5448
48 48
95 95
63 63
40
71
50
19
63 63
40
552148
2148
48 48
46
35
57
71
44
40
62
a44 a44
48 48
62
553148 553148
3148 3148
48 48
36
62
48 48
56214865
2148
48 48
31 31
62
7 7
31 31
21
48 48
71
44
7 7
329192
63 63
40
5543
43
50
62
2348
48 48
64 64
71
5546
46
48 48
46
3947 3947
47
62
5740
40
71
37
71
21
5
42
48 48
62
71
5735
35
63 63
40
554248
4248
48 48
45
4265
42
71
5542
42
48 48
5622
42
71
4854
54
63 63
42
3665
36
3 3
5544
44
56
62
46
62
5631
31 31
62
71
48 48
48 48
22 22 - Amb
50
71
40
48 48
5748
48 48
62
56
71
38
71
22 22 - Amb
6 6
5750
50
62
63 63
38
36
57
44
62
48 48
63 63
21
2765
27
71
40
7 7
329192
63 63
44
564865
48 48
36
7 7
63 63
36
57
62
56
5646
46
48 48
35
21
71
48 48
63 63
44
5444
44
4448
48 48
5746
46
62
4033
33
71
21
6 6
57
44
62
40
21
63 63
48 48
5637
37
62
71
40
5637
37
62
71
40
15
21
56
57
5648
48 48
5646
46
62
4831
31 31
75
5650‌
75‌
50
45
62
63 63
21
95 95
62
40
5644
44
62
46
64 64
563648
3648
48 48
64 64
42
48 48
5622
42
48 48
71
21
6 6
5636
36
563148 563148
3148 3148
48 48
71
44
63 63
48 48
56
57
71
5640
40
71
57
48 48
4265
42
48 48
5621
21
62
71
48 48
48 48
75
5643‌
75‌
43
31 31
40
24
3163 3163
31 31
71
95 95
63 63
38
21
